final_k=1.8056907653808594
final_b=1.0660609006881714
final_batch_loss=2.017185688018799
